1648,388;1932,1176;1588,1560;3012,1532;3040,1440;2968,1412;3380,1108;3332,1016;
1776,644;1988,1200;1732,1432;2792,1448;2788,1360;2836,1280;3024,1136;3196,1036;
1476,484;1580,780;1552,1060;1776,972;1704,768;2456,492;2652,1104;1692,1468;
688,848;1080,704;1164,972;1144,1228;1308,1160;1268,956;1924,728;2120,1272;1276,1584;
712,1268;1008,1132;1100,1356;1096,1564;1220,1508;1184,1356;1716,1148;1888,1584;1224,1860;3328,672;
1020,1384;1264,1296;1332,1460;1340,1612;1432,1564;1400,1448;1824,1268;1956,1608;1440,1852;3096,808;
812,1268;2232,1820;2952,1708;3072,1984;2464,672;2884,564;3548,452;3024,792;
1644,396;1936,1188;1592,1544;3024,1540;3020,1420;3004,1396;3012,1276;3364,1112;
1788,656;1988,1212;1736,1432;2796,1472;2780,1364;2816,1300;3024,1152;3192,1048;
1840,584;1824,848;2052,776;1972,556;2724,272;2920,908;1976,1272;1740,1420;2784,1224;2924,1140;
1292,916;1268,1200;1440,1124;1408,924;2160,616;2368,1256;1420,1592;1216,1708;2264,1548;2408,1468;
1040,948;1028,1220;1192,1148;1152,928;1884,652;2124,1276;1172,1636;1000,1728;2028,1560;2168,1480;
948,1100;1048,1328;1036,1552;1180,1496;1132,1320;1684,1096;1872,1560;1160,1868;1076,1912;1836,1772;1952,1712;3420,612;
1240,1284;1304,1444;1300,1636;1412,1596;1388,1452;1820,1272;1968,1632;1412,1868;3156,824;
868,1284;2460,728;2840,608;3464,500;2968,824;2432,1704;2912,1680;3028,1952;2592,2160;
776,704;1704,832;2032,608;2632,892;3248,796;832,1420;1672,1352;2092,1420;2528,1432;3248,1696;804,2448;1296,2472;1992,2468;2568,2432;3192,2428;
780,708;1708,828;2036,604;2636,896;3252,804;832,1416;1676,1344;2092,1420;2528,1432;3248,1700;804,2440;1300,2476;1984,2456;2568,2428;3188,2424;
784,704;1704,820;2032,600;2632,896;3268,804;832,1408;1672,1340;2096,1416;2532,1428;3260,1700;796,2444;1292,2472;1992,2456;2564,2428;3204,2428;
784,708;1712,828;2040,608;2636,884;3268,808;816,1412;1680,1356;2092,1432;2536,1444;3256,1704;796,2452;1292,2488;1984,2472;2572,2448;3196,2440;
788,716;1708,844;2044,616;2640,900;3272,812;836,1428;1684,1368;2104,1428;2532,1452;3260,1712;792,2472;1288,2492;1996,2488;2572,2452;3208,2460;
1320,1076;1800,1136;1980,1020;2292,1176;2624,1120;1344,1456;1784,1412;2008,1448;2240,1452;2616,1588;1324,1988;1592,2004;1956,2000;2264,1980;2592,1980;
1332,1060;1816,1120;1996,1004;2296,1160;2612,1096;1372,1428;1800,1380;2020,1432;2248,1428;2624,1564;1332,1960;1608,1984;1964,1972;2276,1952;2604,1964;
1344,1048;1824,1104;1988,1000;2312,1136;2620,1088;1372,1420;1808,1372;2024,1412;2252,1424;2628,1556;1340,1948;1616,1972;1968,1956;2276,1932;2604,1948;
1340,1056;1820,1116;1996,1004;2304,1148;2632,1092;1368,1420;1812,1380;2024,1420;2252,1428;2636,1564;1352,1972;1616,1972;1984,1968;2280,1944;2608,1948;
1352,1060;1832,1116;2008,1004;2312,1144;2644,1088;1376,1424;1820,1380;2040,1424;2268,1432;2636,1560;1360,1964;1628,1972;1980,1964;2292,1948;2620,1948;
1116,808;1980,816;3100,776;1840,1068;2304,1104;1404,1364;1828,1324;2040,1368;2244,1368;2612,1500;1152,2092;1652,1884;2000,2120;2992,2088;
1112,820;1980,832;3092,792;1840,1084;2304,1108;1412,1376;1824,1340;2032,1376;2252,1384;1156,2092;1644,1896;1996,2124;2296,1956;2976,2104;
1092,828;1968,828;3080,800;1828,1092;2292,1116;1392,1372;1812,1340;2024,1376;2240,1376;2836,1504;1144,2104;1628,1908;1980,2132;2272,1960;2968,2104;
1112,812;1952,816;3084,784;1828,1080;2364,1000;1400,1368;1824,1336;2024,1368;2244,1380;2840,1488;1148,2096;1624,2132;1992,2132;2280,1948;2972,2104;
1136,872;1604,904;2000,888;2428,852;3100,848;1144,1396;1848,1384;2052,1428;2272,1424;2864,1540;1180,2140;1652,2180;2012,2172;2500,2144;2992,2140;
1124,824;1588,852;1992,844;2436,808;3108,800;1140,1356;1828,1348;2044,1380;2264,1392;2856,1508;1176,2108;1644,2144;2008,2136;2488,2108;2992,2112;
1104,808;1592,832;1984,808;2428,788;3108,772;1120,1336;1832,1332;2040,1360;2260,1372;2856,1484;1156,2084;1628,2124;1996,2116;2484,2092;2984,2096;
1116,788;1592,828;1992,812;2440,788;3124,772;1132,1340;1832,1328;2048,1368;2260,1368;2868,1484;1156,2092;1632,2136;2004,2124;2496,2088;3004,2104;
740,864;1916,840;3544,788;1484,1580;2104,1608;808,2296;2104,2292;3488,2288;
732,856;1916,840;3552,784;1484,1572;2112,1604;796,2296;2100,2300;3488,2280;
732,856;1920,832;3556,776;1488,1580;2108,1616;792,2308;2104,2304;3488,2292;
748,872;1916,844;3544,788;1484,1580;2112,1624;804,2300;2108,2308;3484,2292;
