780,704;1704,828;2032,608;2636,896;3252,796;836,1424;1676,1344;2088,1428;2524,1432;3244,1688;796,2440;1300,2472;1984,2468;2568,2432;3192,2432;
784,696;1708,824;2040,604;2644,896;3256,792;828,1416;1680,1348;2096,1420;2532,1432;3248,1692;796,2436;1300,2480;1988,2460;2576,2440;3196,2428;
776,708;1704,832;2032,616;2640,904;3264,804;832,1428;1676,1348;2092,1432;2528,1444;3260,1708;792,2456;1296,2488;1980,2476;2576,2448;3200,2448;
780,712;1708,840;2044,632;2632,908;3264,824;832,1428;1680,1364;2096,1440;2536,1456;3268,1720;796,2464;1300,2500;1992,2488;2576,2464;3204,2452;
1324,1076;1808,1136;1976,1028;2284,1172;2616,1124;1356,1452;1788,1404;2012,1456;2236,1456;2616,1592;1320,1988;1592,2008;1960,1992;2268,1976;2600,1980;
1336,1056;1820,1120;1984,1004;2304,1156;2624,1100;1368,1424;1808,1384;2020,1428;2244,1428;2620,1568;1340,1972;1604,1984;1968,1980;2276,1956;2604,1964;
1344,1044;1820,1104;1992,988;2304,1136;2624,1084;1364,1412;1812,1376;2020,1416;2248,1424;2636,1552;1352,1952;1604,1968;1984,1956;2268,1940;2604,1944;
1352,1056;1828,1116;1996,1000;2304,1144;2632,1092;1376,1424;1808,1380;2028,1424;2256,1424;2632,1556;1348,1960;1612,1976;1980,1968;2280,1948;2612,1952;
1352,1056;1832,1116;2004,1000;2312,1148;2632,1100;1384,1424;1816,1380;2040,1428;2268,1432;2636,1560;1368,1960;1632,1976;1980,1968;2288,1948;2624,1948;
1104,808;1980,820;3092,784;1844,1076;2308,1108;1416,1364;1824,1328;2032,1368;2248,1368;2620,1504;1160,2088;1648,1892;1996,2120;2988,2092;
1108,816;1980,832;3096,792;1840,1084;2300,1112;1412,1380;1832,1336;2036,1380;2248,1380;1152,2096;1640,1896;2000,2136;2288,1952;2976,2100;
1088,824;1968,840;3072,800;1820,1092;2288,1116;1404,1384;1816,1344;2020,1384;2232,1384;2828,1508;1148,2100;1616,1912;1976,2128;2276,1952;2968,2108;
1108,816;1976,828;3084,788;1828,1080;2364,996;1404,1380;1820,1340;2024,1368;2240,1384;2832,1496;1148,2092;1628,2132;1988,2124;2284,1944;2980,2104;
1136,872;1612,904;2004,884;2440,864;3104,848;1152,1404;1844,1384;2052,1416;2268,1424;2860,1548;1180,2140;1652,2176;2020,2168;2492,2140;2992,2144;
1120,832;1592,856;1992,844;2428,816;3104,800;1132,1364;1832,1344;2040,1380;2256,1392;2856,1516;1172,2108;1648,2144;2000,2136;2488,2112;2988,2108;
1108,796;1596,824;1992,820;2436,792;3104,776;1124,1340;1836,1328;2032,1360;2260,1368;2860,1488;1160,2092;1628,2124;2008,2116;2488,2088;2988,2092;
1112,800;1592,828;1992,820;2436,792;3120,772;1132,1344;1840,1332;2044,1364;2264,1368;2868,1492;1160,2100;1632,2132;2008,2124;2496,2096;3000,2104;
744,860;1912,836;3552,788;1492,1580;2112,1612;804,2292;2104,2296;3484,2288;
732,860;1912,832;3548,784;1480,1580;2104,1612;796,2300;2096,2292;3484,2288;
740,860;1920,832;3556,784;1488,1580;2112,1616;792,2300;2104,2308;3496,2288;
748,876;1920,844;3544,784;1492,1588;2116,1616;808,2300;2104,2296;3480,2288;
