234,13;293,184;221,263;523,258;524,237;516,233;599,167;586,145;
265,70;304,188;251,239;474,239;469,222;478,209;524,177;557,155;
179,48;205,110;196,166;242,152;231,107;389,52;430,184;232,258;
34,113;114,88;131,140;132,191;159,179;156,142;296,91;334,207;157,271;
38,208;105,182;122,225;120,271;146,259;139,228;251,184;286,274;144,333;583,87;
103,227;151,205;166,239;168,272;187,265;183,242;271,200;298,274;188,323;536,108;
53,201;357,317;508,291;534,356;409,74;496,52;637,30;524,98;
235,15;295,182;219,255;524,255;518,232;518,227;520,201;595,167;
260,52;306,188;250,235;473,239;470,222;475,206;521,174;560,153;
279,55;275,106;324,88;308,41;475,2;509,121;307,197;254,224;478,187;508,170;
142,128;138,185;175,172;171,122;324,65;370,199;169,272;127,294;348,256;378,245;
101,132;94,187;132,176;124,131;283,66;328,204;128,278;91,294;308,259;339,247;
81,166;101,209;97,256;128,251;122,210;245,164;284,263;130,324;107,335;272,309;294,294;610,61;
148,204;160,238;158,275;183,264;177,239;269,195;301,277;184,325;556,107;
67,207;406,83;486,61;620,35;512,103;396,295;500,290;525,350;430,389;
63,88;245,110;312,64;438,124;558,109;67,230;234,218;323,234;414,237;558,293;63,434;161,447;299,448;418,440;540,440;
64,88;244,109;317,64;440,124;557,112;67,230;234,214;321,237;417,238;557,293;59,434;159,447;298,450;419,442;541,439;
67,89;249,108;321,66;442,124;562,110;69,230;241,214;326,235;418,234;562,293;65,432;165,447;301,447;423,445;542,439;
62,85;246,109;314,67;439,126;562,112;65,228;237,217;327,233;416,238;563,293;64,437;161,446;301,448;419,442;543,441;
63,89;248,111;315,64;442,130;564,114;71,235;236,221;327,240;417,242;565,294;63,439;159,448;302,455;424,446;544,444;
163,160;266,181;303,152;366,189;439,175;170,245;260,232;309,244;356,245;437,276;162,351;217,358;294,357;357,357;427,355;
166,159;263,172;299,146;367,176;435,171;167,236;262,225;307,236;359,238;435,269;164,344;218,353;296,352;357,349;430,350;
170,156;270,169;304,141;372,177;440,163;171,234;265,222;308,232;360,232;439,266;170,347;225,348;299,348;362,341;433,344;
169,154;268,168;306,142;370,173;438,165;173,231;264,222;313,230;357,231;438,264;169,344;221,349;298,346;362,343;433,345;
168,157;270,168;307,146;373,175;438,166;173,231;266,225;313,236;361,237;440,267;168,345;221,347;300,349;365,345;433,345;
121,102;299,108;533,104;271,160;369,168;180,222;269,214;312,222;357,222;433,250;127,371;227,335;303,379;505,376;
125,109;299,107;526,104;274,160;369,169;183,222;269,215;312,224;359,220;131,368;228,334;306,380;362,328;505,373;
122,106;299,113;527,110;270,162;369,169;182,223;267,216;312,222;362,229;483,254;131,371;226,333;299,380;364,346;502,374;
121,110;300,110;526,106;270,162;369,169;174,224;265,212;307,224;355,224;479,250;122,370;226,335;298,380;359,344;501,374;
123,121;219,127;306,124;395,123;529,127;123,232;271,228;314,237;361,239;482,266;134,386;228,394;307,395;405,387;504,387;
127,113;225,121;306,115;400,113;533,117;127,221;271,222;313,229;366,228;478,255;133,376;229,386;306,389;411,378;509,378;
123,107;221,113;303,108;397,104;531,104;122,216;269,214;315,223;361,223;486,253;132,367;227,382;305,379;406,374;508,373;
123,105;220,109;306,107;395,101;536,104;124,216;270,214;316,223;364,223;487,248;132,370;224,380;303,379;406,374;506,374;
56,120;288,110;615,111;195,266;326,276;64,407;322,417;620,416;
53,117;289,113;613,112;195,266;327,274;69,409;322,416;619,412;
48,117;291,111;614,111;194,266;329,274;60,407;322,414;604,421;
50,119;290,111;610,107;197,267;329,276;61,409;325,419;609,424;
