75,85;231,106;290,72;393,122;498,106;83,205;227,195;297,207;374,214;496,258;73,382;161,386;278,388;380,384;488,389;
77,86;236,106;291,70;396,118;503,104;83,206;228,197;299,207;375,211;502,259;75,381;159,389;281,387;383,386;492,390;
76,88;233,104;291,70;393,120;502,103;83,204;226,194;297,207;374,208;503,259;74,383;158,390;281,390;380,385;490,388;
77,86;233,108;293,74;397,121;502,108;83,208;229,196;301,213;374,213;503,261;72,386;160,389;281,391;383,385;493,395;
168,152;248,162;279,144;334,167;392,164;170,214;244,207;282,217;324,218;387,240;163,308;212,314;277,310;326,308;385,309;
168,147;249,158;280,136;334,161;390,155;171,210;248,200;281,211;328,209;388,236;167,303;209,308;273,304;326,302;387,302;
170,141;252,158;281,134;336,159;388,150;173,206;249,200;285,210;325,209;393,236;170,298;212,301;276,301;331,300;388,301;
168,143;253,153;282,133;337,160;391,151;173,205;250,199;286,208;326,210;391,232;170,302;214,302;279,301;329,300;392,301;
171,144;254,155;282,138;337,160;394,154;176,208;251,203;288,210;326,209;395,234;172,301;217,304;279,303;335,302;389,300;
131,104;279,106;473,104;257,144;338,153;179,198;250,192;286,197;326,200;387,222;136,322;219,287;279,327;454,327;
130,103;279,109;475,101;255,149;341,151;182,198;254,192;287,197;324,201;136,323;220,288;278,330;331,288;453,326;
127,106;278,109;474,104;256,150;333,154;178,199;253,194;287,201;322,199;424,225;133,324;219,290;279,330;332,298;453,327;
127,103;277,106;466,102;257,149;331,156;177,200;252,191;286,202;322,202;426,223;136,318;221,288;279,329;326,300;453,328;
137,114;210,120;282,119;354,122;466,113;133,206;255,205;288,212;326,213;430,236;133,333;221,341;283,339;367,335;455,338;
135,109;214,118;287,110;361,113;472,109;136,200;256,198;295,207;332,206;428,229;137,327;217,337;282,334;366,329;456,329;
133,102;214,107;280,107;355,105;475,102;131,194;252,195;289,200;326,200;430,224;135,322;219,331;281,330;365,325;453,329;
133,103;214,104;279,105;360,102;473,102;131,191;252,191;289,196;328,200;432,220;135,323;218,329;278,329;367,323;456,329;
66,112;271,108;550,103;194,233;302,241;83,354;299,359;564,369;
68,115;269,111;552,103;195,233;302,242;75,356;298,362;570,372;
68,110;268,108;551,102;192,233;298,242;68,357;300,360;541,359;
66,113;268,109;550,105;192,237;303,243;74,359;299,362;545,368;
