234,263;260,263;281,267;308,267;332,266;356,269;379,268;401,268;426,270;234,288;259,288;282,289;307,290;331,289;354,292;378,290;402,291;425,293;234,309;258,310;284,311;308,313;329,313;352,312;377,315;401,313;422,317;234,333;257,337;282,335;305,336;331,339;353,339;377,338;400,338;419,340;234,360;257,358;281,359;305,358;329,360;350,360;375,363;397,363;419,364;232,379;258,378;283,380;304,382;330,385;348,385;373,385;394,386;422,387;
347,285;371,290;393,293;418,298;439,300;463,304;486,311;507,311;532,318;341,309;365,311;389,319;415,319;437,325;462,328;482,332;501,336;527,340;339,334;364,339;386,339;409,344;431,348;454,350;475,355;497,359;520,362;331,354;356,361;380,363;403,367;429,372;450,376;469,379;493,383;513,383;330,379;351,381;374,387;399,388;420,394;444,398;469,401;487,403;508,404;323,400;351,407;370,407;395,410;417,417;441,419;462,424;483,429;504,428;
350,290;373,299;397,302;421,308;444,315;462,317;488,325;511,328;529,333;343,313;370,321;391,327;413,331;435,336;460,340;480,349;503,351;523,355;341,337;364,345;387,350;408,355;431,359;455,365;475,368;495,373;517,378;336,362;353,366;379,372;402,376;425,382;449,388;469,392;492,396;514,402;326,383;353,390;376,394;395,401;420,405;441,411;464,414;483,420;502,421;322,406;345,410;368,416;392,422;413,424;434,430;456,436;478,440;499,444;
349,289;372,292;396,303;421,307;443,310;465,318;487,324;509,328;532,333;340,312;366,317;391,323;409,330;438,338;460,341;482,346;499,351;523,356;340,333;360,342;383,344;406,353;434,359;452,364;473,367;497,372;519,377;330,358;356,366;379,371;401,377;423,382;446,387;467,391;487,398;512,401;326,382;345,388;369,391;393,397;414,403;439,408;462,414;484,420;503,423;314,402;337,404;365,416;384,419;408,424;437,429;455,436;477,442;499,447;
368,93;393,99;422,108;446,115;473,121;500,131;525,135;549,142;572,148;362,118;388,126;414,134;440,141;467,147;492,153;520,159;543,166;569,173;354,146;385,152;409,157;437,166;463,171;487,179;512,182;541,193;566,201;347,175;377,178;402,184;430,189;458,199;482,207;510,213;530,218;560,226;340,198;370,208;396,212;425,220;450,227;475,231;501,238;529,248;553,252;335,225;361,232;391,239;416,245;441,252;469,258;495,266;521,272;548,279;
381,25;407,34;433,42;463,49;483,54;514,60;536,69;563,76;586,84;373,53;400,60;431,69;457,73;484,82;507,87;534,98;553,101;587,111;365,79;394,85;422,93;446,102;473,107;500,114;523,121;554,129;574,136;359,106;385,111;416,118;444,127;472,133;496,140;524,149;549,157;576,161;347,134;381,143;404,147;439,153;462,160;487,168;512,175;542,185;567,192;346,161;374,168;403,174;432,184;458,190;487,195;507,201;532,206;560,215;
351,211;380,217;405,221;431,227;453,232;482,237;506,241;528,248;554,252;343,233;371,241;397,248;423,253;448,256;479,262;505,267;529,274;552,279;335,261;369,272;396,274;420,279;445,284;477,290;496,293;523,299;546,306;330,291;360,295;385,300;414,302;440,312;464,315;494,320;516,324;544,329;328,316;356,322;385,325;410,332;435,338;458,338;491,349;514,353;543,358;321,342;354,349;376,353;405,358;435,367;460,369;485,372;508,379;539,384;
361,312;387,316;415,321;439,324;469,328;493,332;521,337;544,339;568,342;355,337;383,342;409,347;438,350;465,355;489,359;519,363;542,365;569,369;348,363;378,367;406,374;436,378;464,380;488,386;518,390;540,394;570,395;348,392;374,397;405,402;429,404;458,409;486,414;515,420;537,419;567,425;336,416;371,428;397,428;428,436;458,435;482,441;508,444;544,449;564,450;336,450;365,454;393,457;424,464;449,463;479,467;505,476;528,473;560,478;
359,274;384,279;413,283;440,290;469,294;497,297;522,301;551,305;577,308;355,303;383,307;410,310;438,315;466,320;494,325;520,328;543,333;573,336;350,332;380,336;407,340;435,341;462,344;492,351;520,356;546,357;571,361;346,357;374,362;405,367;432,370;462,375;488,378;518,386;545,388;572,392;337,386;369,390;403,397;428,400;457,405;487,411;514,411;542,416;569,419;338,417;365,418;396,425;424,431;454,432;486,437;512,441;537,443;571,447;
356,283;389,288;412,292;443,295;468,297;497,301;523,306;546,309;574,314;352,308;384,313;411,316;439,321;466,324;491,326;520,330;548,337;574,341;347,334;374,339;408,345;436,346;463,352;487,354;520,359;546,360;573,363;343,361;371,368;403,373;431,374;460,382;492,384;518,387;542,391;571,393;336,389;370,396;400,402;430,403;459,409;484,413;515,417;540,422;571,422;331,424;366,427;392,429;426,435;453,441;485,443;512,446;541,448;566,450;
338,283;364,287;395,291;423,295;446,297;478,304;503,307;531,311;562,313;332,310;363,311;395,318;420,318;450,325;472,331;502,334;530,340;560,341;331,335;360,341;389,346;414,348;445,351;469,356;503,359;526,364;558,368;325,363;355,368;384,372;411,375;441,381;469,382;499,388;525,392;553,395;321,390;352,399;382,400;409,404;440,408;465,416;498,416;523,422;553,419;316,423;345,426;374,430;404,435;434,439;466,444;492,448;523,449;547,454;
269,243;297,247;321,247;351,252;375,254;402,258;432,263;459,266;482,266;266,267;292,271;320,277;344,278;370,279;401,285;427,288;456,290;487,293;258,294;290,298;314,301;338,304;369,307;403,311;428,316;453,318;484,320;256,322;283,325;310,327;341,329;367,336;398,336;425,340;457,343;483,347;246,347;280,353;312,355;343,361;367,363;393,366;428,369;452,374;484,374;245,375;272,378;302,384;335,384;364,391;393,393;422,401;450,398;484,403;
240,229;270,234;294,235;320,237;352,238;375,241;403,245;424,243;458,245;235,257;263,258;294,261;319,264;347,264;378,267;405,267;427,270;458,271;233,283;259,286;290,286;320,287;347,289;375,291;404,294;431,297;458,298;230,309;256,312;288,312;312,315;346,319;372,319;402,321;432,321;459,322;224,335;255,340;285,338;312,343;340,344;371,347;400,347;428,351;459,350;222,364;252,366;279,367;308,371;334,370;370,376;396,377;426,378;454,378;
240,241;269,244;287,243;318,243;339,244;360,248;387,245;414,249;438,248;237,263;267,267;294,266;315,266;338,266;362,267;390,267;409,271;441,269;241,287;264,286;291,290;317,289;340,289;365,289;390,291;408,291;442,293;236,311;265,311;290,310;314,315;342,314;363,315;392,316;410,316;441,315;234,334;258,335;287,338;309,336;338,335;360,337;389,339;416,341;440,338;228,357;260,357;285,360;314,360;337,362;361,364;388,366;414,366;439,365;
267,254;300,251;326,250;356,252;387,252;415,252;443,249;468,250;499,250;269,278;297,278;328,280;356,277;385,278;414,276;444,278;473,276;501,274;270,303;300,308;331,305;356,306;387,307;416,305;449,305;472,302;504,299;271,335;296,334;328,335;356,333;390,333;418,333;449,334;474,333;507,330;269,365;300,365;329,365;356,364;391,364;424,362;450,361;481,359;511,360;264,393;299,393;328,396;361,395;390,392;421,394;454,395;483,388;511,389;
79,99;104,101;135,100;158,99;187,99;214,96;241,97;270,97;301,97;76,127;105,127;131,126;158,126;187,124;208,125;242,125;269,126;300,126;79,153;104,155;129,153;160,152;182,152;211,152;237,156;266,153;303,155;73,184;100,181;128,181;153,182;183,182;213,182;239,182;273,185;304,181;78,208;105,210;129,212;159,209;184,209;209,209;240,209;267,209;301,210;75,237;102,237;125,237;155,237;183,239;215,238;241,238;266,239;296,239;
101,209;134,212;162,213;189,217;224,221;253,223;278,226;317,228;346,234;97,239;133,242;159,244;188,247;222,249;252,253;275,260;309,262;345,265;97,269;121,270;152,274;182,275;211,282;246,284;277,288;303,292;342,298;87,291;124,300;151,304;180,310;215,310;239,316;268,319;310,323;341,327;88,326;128,331;144,335;187,340;208,340;239,344;267,351;300,348;337,359;85,356;124,361;146,365;178,372;209,375;236,379;264,380;303,385;328,388;
81,156;115,156;141,157;176,159;210,159;246,157;279,157;315,154;351,155;76,188;113,188;141,187;176,187;208,187;244,186;283,185;313,185;355,183;68,215;107,218;137,220;171,220;204,219;243,215;279,220;311,217;350,218;67,248;97,249;136,251;168,250;205,251;239,250;275,249;310,251;351,251;61,284;96,283;129,284;165,285;197,285;237,285;275,286;312,287;350,288;53,317;88,318;126,319;167,321;200,320;236,322;274,324;313,322;351,322;
214,126;246,131;279,130;309,130;344,131;376,131;411,131;443,131;474,135;208,156;242,160;275,157;311,158;342,159;380,158;409,158;442,160;477,160;204,186;237,186;275,189;310,185;342,186;377,188;410,188;442,189;481,189;200,216;238,219;271,220;304,220;344,218;379,219;416,218;447,221;482,222;201,250;235,250;269,253;308,254;344,251;377,253;414,253;449,253;488,255;199,284;233,282;268,286;308,284;345,285;381,285;415,286;453,286;490,282;
