1900,1576;2012,1584;2120,1592;2232,1592;2344,1600;2452,1604;2568,1608;2680,1620;2788,1624;1896,1688;2008,1696;2120,1700;2224,1708;2336,1708;2444,1720;2560,1720;2668,1724;2780,1732;1888,1796;2004,1804;2112,1812;2220,1816;2332,1824;2444,1828;2556,1832;2664,1836;2780,1844;1880,1908;1996,1920;2104,1920;2220,1928;2328,1936;2436,1936;2548,1944;2664,1952;2776,1956;1880,2028;1996,2028;2096,2036;2216,2036;2324,2044;2436,2048;2544,2056;2656,2060;2768,2064;1880,2132;1984,2140;2100,2144;2208,2144;2320,2160;2432,2160;2540,2168;2656,2172;2764,2180;
2136,1672;2248,1696;2360,1720;2468,1740;2584,1756;2696,1776;2808,1796;2920,1816;3024,1836;2124,1792;2232,1808;2344,1828;2448,1848;2564,1864;2676,1884;2788,1908;2900,1932;3008,1948;2100,1900;2212,1920;2320,1940;2428,1956;2544,1980;2656,1996;2768,2020;2876,2040;2988,2060;2076,2008;2188,2024;2296,2044;2412,2068;2516,2088;2636,2112;2748,2128;2864,2152;2968,2164;2056,2124;2172,2136;2280,2164;2388,2184;2504,2204;2612,2224;2728,2240;2844,2264;2952,2280;2044,2232;2156,2256;2264,2268;2372,2292;2488,2312;2596,2332;2704,2352;2820,2376;2936,2400;
2168,1688;2280,1716;2380,1736;2492,1764;2612,1784;2712,1812;2824,1836;2940,1868;3044,1892;2140,1796;2252,1824;2360,1844;2464,1872;2576,1896;2692,1924;2800,1952;2908,1976;3020,2000;2120,1908;2224,1932;2336,1960;2444,1980;2556,2012;2664,2040;2780,2060;2884,2084;2996,2112;2080,2012;2208,2044;2312,2068;2416,2092;2536,2116;2640,2148;2748,2176;2860,2196;2968,2220;2064,2124;2176,2152;2284,2184;2396,2204;2504,2232;2612,2256;2724,2280;2836,2304;2944,2332;2040,2236;2152,2264;2260,2288;2364,2312;2476,2340;2588,2368;2692,2392;2808,2420;2916,2444;
2172,1448;2288,1476;2400,1508;2516,1540;2632,1568;2752,1596;2864,1624;2984,1652;3100,1688;2148,1564;2260,1596;2372,1620;2488,1648;2612,1680;2716,1704;2836,1744;2956,1768;3068,1800;2116,1676;2224,1704;2340,1736;2460,1764;2576,1792;2692,1824;2812,1856;2920,1880;3040,1908;2084,1788;2200,1820;2316,1844;2432,1884;2552,1916;2660,1936;2776,1972;2896,2000;3012,2028;2060,1908;2176,1936;2292,1968;2408,2000;2516,2024;2632,2052;2756,2080;2868,2112;2988,2144;2028,2016;2148,2056;2264,2080;2376,2108;2488,2140;2608,2168;2724,2204;2836,2232;2956,2264;
2256,804;2380,828;2512,864;2640,888;2756,916;2900,952;3016,976;3148,1004;3280,1032;2232,924;2360,952;2480,988;2604,1016;2728,1044;2864,1080;2996,1108;3116,1136;3248,1164;2196,1048;2320,1080;2456,1112;2580,1140;2704,1172;2836,1204;2960,1224;3088,1256;3212,1288;2172,1172;2296,1208;2412,1232;2548,1264;2668,1292;2808,1328;2932,1360;3060,1384;3196,1416;2140,1300;2264,1328;2388,1356;2520,1392;2648,1420;2776,1456;2900,1484;3032,1512;3164,1540;2116,1424;2236,1456;2364,1484;2488,1516;2624,1548;2748,1576;2880,1612;3012,1640;3136,1668;
2240,540;2368,572;2488,596;2628,624;2744,652;2880,680;3008,712;3136,740;3260,772;2208,664;2336,700;2460,724;2588,760;2724,780;2840,812;2980,844;3108,868;3240,900;2180,796;2308,824;2424,852;2560,876;2692,908;2812,936;2948,972;3072,996;3200,1028;2152,928;2272,952;2404,976;2532,1012;2664,1040;2788,1068;2924,1096;3052,1128;3168,1160;2112,1060;2248,1080;2372,1120;2504,1136;2628,1168;2764,1196;2892,1228;3012,1256;3148,1284;2088,1180;2212,1204;2344,1232;2468,1260;2604,1292;2720,1324;2864,1356;2984,1384;3120,1404;
2148,1612;2272,1632;2396,1656;2528,1680;2648,1704;2776,1720;2904,1748;3040,1768;3168,1792;2120,1728;2248,1752;2380,1776;2504,1796;2636,1824;2760,1848;2896,1868;3024,1896;3152,1916;2100,1856;2232,1876;2352,1904;2484,1928;2616,1952;2744,1972;2872,1996;3008,2024;3140,2048;2076,1980;2208,2004;2332,2032;2472,2052;2596,2080;2724,2104;2872,2128;2996,2156;3132,2180;2052,2112;2180,2136;2312,2164;2452,2192;2584,2216;2716,2244;2852,2268;2992,2292;3120,2316;2028,2244;2164,2272;2292,2300;2424,2324;2564,2352;2696,2380;2832,2400;2972,2428;3112,2452;
2184,1664;2316,1692;2448,1712;2576,1732;2712,1748;2844,1764;2980,1792;3124,1808;3252,1828;2164,1792;2292,1816;2432,1836;2568,1860;2704,1880;2840,1900;2976,1916;3116,1940;3252,1960;2136,1920;2280,1944;2416,1964;2556,1988;2692,2012;2832,2032;2972,2048;3108,2072;3248,2096;2116,2052;2260,2080;2400,2100;2544,2120;2680,2144;2820,2168;2968,2188;3104,2216;3248,2236;2104,2192;2244,2220;2376,2240;2524,2264;2668,2284;2812,2312;2960,2328;3100,2360;3252,2388;2072,2336;2228,2364;2360,2388;2500,2408;2656,2436;2796,2460;2952,2484;3100,2500;3248,2536;
2192,1636;2320,1656;2452,1672;2584,1692;2720,1712;2856,1732;2996,1752;3132,1772;3268,1792;2168,1756;2304,1784;2440,1800;2576,1816;2708,1840;2848,1864;2988,1880;3124,1900;3264,1920;2148,1888;2284,1900;2428,1932;2564,1952;2700,1972;2840,1996;2976,2016;3120,2032;3264,2056;2132,2016;2268,2044;2408,2064;2548,2088;2692,2108;2836,2132;2976,2156;3120,2176;3268,2196;2104,2160;2252,2180;2392,2200;2532,2224;2684,2252;2824,2272;2976,2292;3116,2320;3260,2340;2088,2304;2232,2324;2376,2348;2524,2380;2672,2396;2816,2424;2968,2448;3112,2468;3264,2492;
2112,1652;2244,1672;2380,1688;2508,1704;2644,1728;2788,1744;2916,1768;3052,1780;3184,1804;2100,1772;2224,1796;2364,1812;2500,1836;2628,1852;2772,1876;2912,1892;3044,1916;3184,1936;2080,1900;2212,1916;2348,1940;2480,1964;2628,1988;2768,2004;2904,2024;3044,2052;3180,2068;2052,2032;2196,2056;2328,2080;2476,2100;2616,2120;2752,2148;2900,2168;3036,2188;3188,2212;2040,2176;2172,2192;2320,2216;2456,2240;2604,2264;2744,2288;2892,2312;3032,2328;3176,2352;2012,2320;2156,2344;2292,2360;2440,2388;2596,2412;2736,2432;2884,2460;3032,2480;3184,2508;
2092,1656;2216,1672;2352,1692;2480,1708;2616,1732;2744,1744;2880,1764;3016,1780;3152,1808;2068,1776;2200,1796;2332,1812;2472,1832;2604,1848;2740,1872;2876,1892;3020,1912;3144,1924;2048,1912;2172,1916;2312,1940;2456,1960;2596,1980;2732,2004;2864,2024;3012,2044;3144,2064;2020,2044;2168,2064;2300,2080;2440,2100;2580,2116;2720,2140;2860,2164;3004,2176;3144,2200;1996,2176;2140,2196;2280,2220;2420,2236;2568,2256;2720,2284;2856,2304;2996,2320;3152,2344;1968,2312;2128,2340;2272,2356;2416,2392;2548,2408;2696,2432;2848,2456;3004,2476;3144,2500;
1664,1384;1796,1404;1920,1412;2048,1424;2168,1436;2296,1448;2420,1460;2556,1472;2680,1488;1640,1500;1776,1520;1904,1532;2036,1544;2160,1556;2292,1564;2416,1576;2556,1592;2692,1600;1636,1620;1748,1636;1888,1644;2028,1664;2156,1676;2292,1688;2416,1704;2544,1716;2680,1732;1604,1748;1740,1764;1864,1772;2000,1784;2124,1800;2272,1812;2400,1824;2536,1844;2680,1852;1588,1876;1728,1892;1844,1904;1992,1920;2124,1936;2260,1944;2396,1964;2536,1980;2676,1992;1560,2008;1692,2016;1832,2032;1972,2056;2108,2068;2248,2084;2392,2100;2532,2108;2668,2128;
1688,1420;1808,1416;1920,1432;2044,1432;2160,1436;2268,1440;2400,1452;2516,1456;2636,1460;1664,1520;1792,1532;1904,1536;2028,1548;2156,1544;2268,1556;2396,1564;2516,1572;2636,1576;1656,1640;1780,1640;1904,1652;2024,1660;2148,1664;2264,1668;2388,1676;2516,1684;2636,1688;1644,1744;1772,1760;1900,1768;2024,1772;2132,1776;2260,1780;2388,1792;2512,1800;2648,1804;1632,1876;1748,1876;1880,1888;2004,1896;2132,1904;2256,1904;2384,1912;2512,1924;2644,1920;1620,1992;1736,2004;1872,2012;2000,2024;2128,2032;2252,2032;2392,2040;2512,2048;2648,2048;
1648,1460;1764,1460;1868,1460;1980,1468;2100,1464;2208,1464;2324,1476;2440,1480;2560,1480;1636,1564;1756,1564;1868,1576;1988,1576;2100,1572;2212,1576;2332,1576;2444,1580;2556,1580;1624,1672;1752,1672;1860,1672;1976,1684;2092,1684;2212,1684;2324,1692;2444,1692;2556,1692;1620,1776;1740,1784;1852,1784;1972,1792;2088,1792;2208,1796;2328,1796;2452,1804;2568,1804;1608,1896;1724,1896;1856,1904;1968,1904;2084,1908;2204,1916;2332,1916;2444,1916;2568,1924;1600,2016;1716,2016;1844,2020;1964,2020;2084,2028;2212,2028;2328,2032;2452,2032;2572,2040;
2156,1856;2284,1848;2424,1856;2564,1852;2696,1844;2836,1840;2980,1836;3112,1832;3240,1836;2160,1996;2304,1992;2432,1984;2580,1988;2716,1976;2860,1980;2992,1976;3128,1968;3268,1968;2164,2136;2308,2136;2448,2128;2596,2124;2732,2124;2880,2124;3024,2124;3160,2120;3300,2104;2172,2284;2324,2284;2460,2276;2604,2272;2760,2272;2896,2260;3044,2260;3180,2252;3332,2252;2184,2440;2328,2420;2476,2428;2620,2420;2768,2420;2924,2408;3056,2408;3208,2412;3352,2396;2188,2584;2344,2580;2496,2592;2640,2576;2792,2576;2940,2572;3088,2556;3240,2560;3392,2548;
796,768;936,768;1072,772;1212,768;1348,764;1480,772;1616,772;1752,772;1896,764;800,900;940,904;1076,904;1204,908;1348,908;1484,904;1620,912;1744,912;1896,908;800,1036;932,1040;1080,1040;1208,1040;1336,1040;1488,1048;1616,1048;1752,1040;1888,1040;804,1180;932,1180;1068,1180;1212,1184;1348,1180;1484,1180;1624,1180;1752,1180;1884,1180;808,1308;940,1316;1080,1316;1216,1308;1348,1316;1484,1320;1620,1312;1752,1316;1888,1316;816,1448;940,1444;1080,1452;1208,1448;1348,1448;1484,1448;1612,1448;1752,1456;1884,1448;
932,1288;1076,1300;1220,1316;1372,1332;1520,1340;1664,1356;1812,1376;1952,1384;2100,1400;928,1436;1056,1448;1212,1460;1348,1476;1500,1488;1648,1504;1796,1516;1936,1532;2080,1544;908,1572;1052,1592;1208,1608;1340,1620;1488,1636;1632,1648;1780,1668;1924,1676;2080,1688;896,1724;1036,1736;1188,1748;1336,1768;1468,1780;1624,1796;1772,1812;1912,1824;2056,1840;888,1872;1032,1884;1172,1896;1320,1900;1460,1924;1608,1936;1760,1956;1900,1972;2048,1988;876,2012;1024,2028;1160,2044;1308,2056;1452,2076;1596,2088;1744,2100;1884,2116;2028,2128;
800,1048;964,1048;1116,1048;1280,1048;1444,1040;1600,1040;1760,1040;1916,1028;2084,1032;780,1196;936,1188;1108,1188;1260,1188;1436,1184;1588,1188;1760,1184;1916,1180;2088,1180;756,1340;912,1336;1084,1336;1244,1336;1424,1340;1580,1332;1748,1332;1920,1332;2088,1332;732,1500;896,1488;1064,1500;1240,1492;1404,1492;1580,1492;1752,1488;1924,1484;2088,1488;700,1656;868,1664;1044,1656;1220,1660;1392,1648;1568,1652;1748,1648;1920,1652;2092,1644;660,1828;848,1828;1020,1832;1204,1824;1380,1820;1556,1824;1732,1824;1916,1816;2096,1820;
1396,864;1540,864;1692,860;1832,860;1988,856;2124,860;2284,856;2428,856;2580,860;1384,984;1532,984;1680,988;1832,988;1980,984;2136,988;2288,988;2436,980;2588,984;1376,1120;1524,1116;1676,1120;1828,1112;1980,1112;2132,1120;2288,1120;2436,1112;2596,1116;1352,1252;1516,1248;1672,1252;1824,1252;1976,1248;2128,1256;2292,1252;2440,1256;2604,1252;1344,1392;1496,1392;1656,1396;1816,1396;1972,1396;2136,1396;2296,1392;2452,1396;2616,1392;1328,1540;1492,1544;1648,1540;1812,1540;1976,1540;2140,1540;2300,1548;2460,1548;2628,1540;
1564,824;1672,808;1784,796;1896,792;2004,776;2116,760;2220,752;2328,744;2444,728;1576,924;1684,912;1800,904;1908,892;2016,884;2120,872;2236,864;2336,848;2448,836;1588,1032;1696,1020;1808,1012;1920,1004;2020,992;2136,980;2236,972;2356,956;2460,944;1600,1144;1708,1136;1820,1116;1920,1112;2032,1100;2140,1092;2260,1076;2356,1068;2476,1056;1608,1256;1716,1240;1828,1232;1940,1228;2048,1208;2160,1200;2272,1180;2380,1180;2484,1168;1616,1364;1732,1348;1832,1340;1940,1328;2060,1320;2164,1304;2276,1300;2384,1280;2500,1280;
996,984;1104,988;1220,980;1332,980;1448,972;1556,972;1676,972;1784,968;1888,964;1000,1100;1104,1096;1216,1092;1332,1092;1456,1092;1556,1084;1672,1080;1788,1076;1908,1076;996,1212;1112,1216;1224,1204;1340,1204;1452,1208;1568,1200;1676,1196;1792,1188;1908,1184;1000,1324;1108,1324;1224,1320;1344,1316;1456,1320;1568,1312;1680,1312;1792,1308;1908,1300;996,1444;1120,1440;1228,1432;1344,1432;1460,1428;1572,1424;1680,1420;1804,1420;1912,1420;1004,1552;1120,1556;1232,1552;1352,1544;1464,1544;1568,1552;1688,1536;1792,1536;1916,1528;
1012,1268;1120,1272;1232,1268;1348,1264;1452,1260;1572,1264;1676,1244;1780,1252;1900,1240;1012,1384;1120,1380;1240,1380;1344,1372;1460,1376;1572,1376;1672,1360;1792,1360;1900,1356;1012,1492;1128,1484;1244,1488;1348,1484;1464,1484;1560,1472;1680,1476;1792,1472;1904,1476;1024,1608;1128,1608;1244,1600;1352,1596;1456,1588;1576,1580;1684,1588;1792,1588;1900,1576;1024,1720;1132,1712;1248,1708;1360,1708;1460,1696;1576,1704;1688,1700;1800,1696;1908,1684;1024,1824;1136,1828;1252,1816;1356,1820;1460,1812;1576,1812;1688,1800;1800,1808;1916,1804;
984,1480;1100,1480;1196,1472;1304,1464;1412,1464;1520,1464;1636,1456;1744,1452;1840,1456;984,1592;1092,1588;1200,1580;1316,1580;1420,1572;1524,1572;1636,1568;1744,1564;1852,1564;988,1700;1104,1692;1208,1692;1316,1688;1428,1688;1528,1684;1640,1680;1752,1680;1852,1660;992,1808;1104,1800;1212,1804;1316,1796;1420,1792;1528,1792;1640,1792;1740,1784;1852,1772;992,1912;1108,1908;1204,1908;1320,1908;1420,1896;1536,1896;1644,1896;1756,1888;1860,1888;992,2028;1116,2020;1212,2008;1320,2008;1428,2012;1540,2012;1644,2008;1752,2004;1864,2004;
1000,1480;1108,1484;1212,1472;1320,1472;1432,1472;1536,1460;1644,1460;1748,1452;1864,1456;996,1588;1108,1588;1216,1584;1324,1576;1432,1576;1540,1568;1656,1572;1760,1564;1864,1564;1000,1700;1108,1692;1220,1684;1324,1684;1428,1688;1544,1680;1652,1684;1752,1676;1852,1668;1004,1812;1116,1808;1228,1804;1324,1796;1432,1796;1544,1796;1652,1788;1756,1784;1864,1784;1004,1908;1116,1912;1220,1912;1328,1912;1436,1904;1544,1892;1656,1896;1756,1888;1872,1884;1004,2024;1120,2012;1228,2016;1336,2012;1436,2012;1548,2012;1656,2008;1768,2008;1872,2000;
