780,716;2036,736;3424,620;752,1528;2092,1668;3252,1608;648,2196;2180,2400;3284,2480;
776,720;2040,736;3444,628;744,1532;2096,1672;3276,1612;648,2212;2188,2408;3296,2492;
772,700;2048,720;3456,608;736,1532;2104,1660;3276,1612;640,2216;2192,2400;3304,2492;
768,684;2048,720;3456,592;732,1520;2100,1652;3280,1592;636,2196;2184,2392;3308,2480;
760,700;2036,724;3444,600;724,1520;2084,1664;3268,1600;632,2208;2180,2400;3296,2496;
1284,872;2148,892;3084,820;1260,1436;2172,1528;2964,1484;1192,1888;2228,2020;2984,2084;
1284,900;2144,920;3100,836;1256,1464;2184,1556;2988,1520;1192,1920;2248,2052;3004,2124;
716,660;1560,672;2492,600;688,1216;1596,1300;2372,1272;644,1656;1656,1788;2400,1852;
1840,668;2708,684;3660,604;1812,1228;2732,1320;3540,1272;1752,1700;2792,1824;3548,1884;
1840,688;2716,700;3672,624;1812,1244;2740,1340;3540,1300;1748,1712;2804,1840;3564,1904;
1792,1096;2680,1104;3640,1032;1768,1660;2700,1756;3508,1716;1692,2124;2764,2256;3532,2316;
1780,1068;2660,1092;3612,1012;1764,1632;2688,1724;3492,1680;1696,2088;2748,2228;3496,2272;
700,1240;1544,1272;2476,1200;680,1792;1580,1892;2360,1848;628,2236;1636,2380;2376,2432;
676,1236;1532,1264;2472,1204;656,1796;1560,1892;2344,1856;596,2236;1620,2380;2364,2444;
2008,624;2644,636;3344,584;1996,1040;2664,1108;3240,1076;1944,1364;2712,1468;3252,1508;
1996,664;2648,680;3364,616;1964,1088;2664,1160;3264,1132;1924,1432;2712,1528;3276,1576;
2004,684;2644,700;3356,636;1980,1112;2672,1180;3260,1148;1936,1444;2708,1548;3264,1596;
2004,684;2648,688;3348,640;1972,1100;2664,1176;3260,1144;1920,1436;2708,1544;3268,1588;
596,580;1224,600;1916,552;584,1004;1252,1076;1832,1044;536,1336;1304,1440;1840,1488;
568,576;1212,592;1916,540;556,996;1240,1072;1820,1032;516,1332;1292,1436;1836,1476;
684,1436;1316,1448;2016,1396;680,1856;1352,1920;1936,1888;628,2188;1404,2276;1960,2328;
700,1448;1336,1464;2028,1404;688,1864;1368,1916;1944,1900;648,2196;1412,2292;1968,2336;
2236,1448;2868,1464;3572,1400;2220,1852;2904,1912;3480,1884;2164,2184;2948,2288;3492,2324;
2228,1460;2872,1468;3564,1412;2212,1872;2896,1936;3476,1900;2172,2204;2932,2300;3484,2344;
2500,1716;2992,1716;3536,1676;2484,2036;3008,2084;3464,2056;2444,2300;3048,2372;3464,2392;
2500,1700;2992,1708;3532,1660;2488,2028;3008,2072;3456,2040;2444,2288;3052,2348;3472,2376;
2484,572;2976,576;3524,532;2464,900;2988,944;3440,928;2416,1156;3020,1228;3452,1272;
2492,572;2976,576;3520,532;2460,900;2992,948;3452,924;2428,1172;3032,1240;3460,1268;
620,632;1104,640;1652,592;608,960;1132,1016;1592,992;576,1212;1164,1300;1596,1324;
684,1596;1164,1604;1708,1564;660,1916;1192,1972;1632,1944;616,2172;1220,2252;1648,2292;
676,1564;1172,1576;1704,1544;664,1888;1192,1936;1648,1920;620,2156;1228,2224;1656,2260;
660,1672;1084,1684;1532,1640;660,1952;1104,1984;1484,1956;632,2164;1136,2224;1504,2252;
680,1644;1084,1648;1548,1608;676,1916;1116,1960;1488,1932;648,2136;1148,2188;1508,2208;
612,644;1024,644;1472,604;596,904;1036,948;1424,928;572,1132;1068,1184;1436,1220;
608,580;1016,596;1468,552;600,856;1040,896;1412,872;564,1076;1064,1144;1432,1168;
2708,616;3128,620;3580,576;2688,888;3140,932;3520,908;2660,1108;3172,1176;3536,1192;
2684,600;3112,604;3568,564;2668,884;3124,916;3508,892;2636,1104;3148,1160;3512,1188;
2672,1904;3096,1904;3556,1868;2668,2176;3124,2212;3500,2188;2636,2404;3140,2468;3508,2480;
2672,1852;3088,1848;3556,1800;2660,2116;3112,2160;3492,2128;2636,2344;3136,2396;3508,2424;
2832,1928;3188,1932;3580,1900;2816,2172;3204,2204;3536,2176;2792,2356;3220,2412;3532,2416;
2808,1940;3180,1932;3576,1904;2808,2172;3188,2196;3516,2176;2788,2352;3528,2424;
2780,552;3140,560;3536,532;2764,784;3156,824;3488,804;2740,976;3488,1052;
2784,504;3144,516;3540,488;2776,736;3160,772;3484,760;2744,928;3492,1016;
592,556;944,564;1336,528;576,796;956,832;1284,816;548,984;1300,1064;
640,1800;996,1808;1392,1776;640,2032;1024,2072;1352,2052;608,2228;1360,2300;
660,1764;1016,1776;1400,1720;644,2004;1040,2036;1368,2016;624,2184;1376,2252;
592,592;1912,648;3352,556;548,1444;1940,1620;3144,1580;448,2124;3144,2488;
612,584;1916,640;3376,552;556,1436;1944,1608;3156,1568;448,2120;2024,2352;3148,2472;
1076,828;1968,864;2956,800;1044,1400;1984,1524;972,1868;2032,2036;2804,2116;
1076,788;1960,820;2940,776;1052,1372;1980,1488;984,1840;2036,1984;2792,2068;
760,768;1652,800;2624,748;724,1348;1668,1464;2480,1444;664,1816;1720,1972;2488,2044;
1592,752;2464,804;3444,728;1556,1328;2488,1444;3292,1420;1476,1792;2532,1960;3296,2024;
1580,752;2460,800;3428,732;1532,1340;2476,1440;3284,1408;1468,1800;2520,1948;3296,2016;
1568,1184;2444,1224;3412,1160;1524,1752;2464,1864;3264,1840;1456,2216;2512,2372;3272,2440;
1536,1232;2432,1180;3380,1000;1576,1808;2512,1804;3324,1680;1568,2260;2620,2300;3380,2280;
704,1244;1584,1176;2540,1000;748,1812;1688,1820;2484,1688;748,2264;1804,2292;2560,2284;
708,1256;1588,1184;2520,1020;756,1816;1684,1824;2476,1704;732,2280;1796,2312;2552,2296;
1440,1092;2100,1096;2824,1020;1432,1532;2132,1580;2736,1532;1388,1876;2188,1948;2760,1992;
1428,1096;2088,1092;2812,1032;1420,1528;2128,1584;2724,1540;1376,1880;2176,1964;2744,1992;
1112,892;1784,876;2492,788;1120,1316;1820,1348;2416,1300;1084,1668;1880,1728;2464,1752;
1120,876;1776,864;2496,776;1120,1308;1820,1352;2424,1300;1096,1656;1884,1724;2464,1744;
2072,860;2736,836;3456,748;2072,1288;2772,1320;3368,1268;2032,1636;2832,1704;3400,1716;
2104,1432;2772,1408;3480,1324;2100,1860;2808,1900;3416,1828;2076,2204;2876,2268;3436,2284;
2128,1408;2796,1392;3520,1308;2132,1840;2840,1872;3440,1816;2100,2188;2908,2248;3476,2264;
724,1552;1356,1540;2056,1456;728,1976;1416,2012;1988,1964;704,2308;1476,2372;2032,2384;
724,1572;1364,1556;2052,1460;732,1984;1416,2012;2008,1968;708,2312;1480,2380;2032,2396;
1752,1052;2176,1036;2636,976;1764,1328;2208,1352;2596,1312;1740,1548;2256,1592;2628,1600;
1764,1048;2192,1036;2648,976;1768,1324;2220,1340;2608,1296;1744,1544;2264,1588;2628,1588;
924,608;1352,596;1816,548;920,888;1376,924;1768,900;888,1116;1412,1180;1780,1188;
924,612;1360,600;1816,552;924,892;1380,924;1768,888;900,1120;1420,1172;1788,1192;
2612,612;3052,596;3524,524;2616,900;3072,912;3464,864;2592,1124;3492,1164;
2696,1680;3132,1668;3596,1608;2708,1968;3152,1980;3552,1944;2688,2196;3576,2228;
804,1712;1212,1700;1668,1648;820,1980;1268,2000;1632,1960;804,2192;1660,2248;
812,1708;1224,1696;1664,1640;816,1968;1252,1992;1636,1960;804,2184;1292,2236;1664,2240;
1780,1320;2144,1304;2524,1252;1776,1544;2152,1568;2492,1540;1752,1740;2500,1784;
760,688;1108,712;1500,692;736,924;1120,976;1444,968;712,1104;1452,1220;
2600,620;2964,644;3356,624;2576,860;2956,912;3280,908;2540,1044;3280,1160;
2604,612;2964,632;3360,620;2580,848;2964,904;3300,900;2548,1044;3288,1152;
2628,1852;2992,1872;3380,1848;2608,2080;2992,2136;3320,2120;2580,2264;3004,2336;3316,2368;
868,1780;1216,1796;1596,1780;860,2004;1224,2052;1548,2048;828,2176;1556,2284;
