784,704;1700,828;2032,608;2640,892;3252,796;836,1416;1672,1348;2092,1424;2532,1432;3252,1692;800,2444;1292,2476;1988,2464;2576,2432;3192,2432;
784,700;1704,828;2036,612;2640,892;3252,804;832,1416;1672,1348;2100,1424;2532,1428;3256,1692;796,2440;1296,2468;1984,2460;2576,2436;3196,2432;
776,716;1700,836;2036,616;2640,900;3260,816;828,1428;1672,1356;2096,1436;2528,1436;3252,1700;792,2456;1292,2492;1988,2476;2572,2444;3204,2448;
776,720;1708,840;2032,624;2644,916;3264,820;832,1428;1676,1364;2092,1436;2532,1448;3252,1716;796,2468;1296,2496;1984,2488;2576,2460;3196,2456;
1324,1076;1980,1028;2616,1124;1788,1412;2240,1456;1328,1992;1952,2008;2592,1984;
1336,1060;1988,1004;2624,1096;1800,1392;2252,1432;1344,1964;1968,1976;2604,1960;
1344,1044;1988,992;2624,1084;1804,1372;2252,1416;1348,1948;1968,1956;2604,1936;
1344,1052;1992,1000;2632,1088;1812,1388;2256,1424;1352,1960;1980,1968;2612,1948;
1356,1060;2004,1004;2636,1096;1824,1384;2260,1428;1360,1960;1984,1964;2616,1944;
1112,808;1984,820;3100,776;1832,1328;2256,1372;1156,2092;2000,2124;2988,2096;
1112,820;1980,832;3092,800;1828,1344;2252,1380;1160,2100;2000,2132;2984,2100;
1100,824;1964,840;3076,800;1812,1344;2232,1388;1148,2104;1980,2132;2964,2108;
1104,820;1972,832;3084,788;1820,1344;2240,1376;1148,2092;1988,2128;2972,2104;
1132,872;1996,880;3100,844;1848,1388;2268,1428;1180,2140;2016,2172;2996,2144;
1124,832;1988,840;3100,804;1840,1352;2260,1388;1164,2108;2008,2140;2988,2108;
1108,800;1984,820;3104,776;1828,1324;2256,1368;1156,2088;2000,2116;2988,2092;
1112,808;1992,820;3116,776;1840,1328;2268,1368;1160,2096;2008,2124;3000,2096;
740,864;1916,840;3548,784;1492,1580;2112,1616;800,2292;
732,856;1916,836;3548,780;1484,1576;2104,1616;796,2292;
736,860;1916,836;3556,784;1484,1584;2108,1620;788,2304;
748,872;1916,848;3544,792;1492,1584;2108,1620;804,2300;
