61,90;243,110;313,65;438,125;560,111;69,228;234,219;322,234;416,237;557,291;63,436;159,447;302,447;420,443;540,441;
64,88;248,109;318,67;443,125;562,111;68,229;237,219;327,236;416,236;560,293;63,433;159,444;301,447;422,441;544,439;
62,86;243,109;311,63;442,126;558,110;63,228;238,217;325,232;418,236;563,293;64,436;158,448;301,448;423,444;542,441;
65,92;247,109;318,68;443,127;564,114;67,233;238,221;326,236;420,242;563,297;61,437;162,452;303,455;419,447;546,445;
165,163;302,153;436,176;258,235;355,245;163,353;293,358;428,357;
165,157;301,148;438,168;261,227;356,237;166,348;296,351;428,347;
169,155;304,142;440,166;263,226;358,233;170,345;300,347;432,345;
170,154;305,142;438,165;263,224;358,235;167,345;297,347;431,344;
172,155;305,144;441,169;267,225;360,235;169,346;298,350;434,345;
122,106;300,105;529,107;270,213;359,221;130,369;304,380;503,374;
124,107;302,107;528,107;269,214;360,222;130,367;301,380;505,374;
122,109;301,110;527,112;265,217;357,227;131,371;302,384;503,377;
121,110;299,111;526,106;263,218;358,226;129,372;299,381;501,375;
125,123;303,124;528,125;270,230;359,240;132,383;306,394;504,387;
127,115;305,115;529,117;271,223;361,233;134,375;306,387;504,384;
122,108;304,108;529,106;271,215;360,222;130,369;303,381;510,373;
122,104;302,105;532,102;268,214;360,220;128,371;303,379;508,374;
54,119;287,109;611,110;196,267;329,272;63,407;
52,118;289,110;615,110;195,266;330,277;63,407;
50,118;289,110;615,112;195,266;326,276;61,404;
50,119;290,111;616,111;194,267;327,277;60,410;
