64,90;317,96;589,82;48,256;324,290;563,276;33,389;344,439;558,450;
62,92;317,94;590,79;49,256;323,287;566,278;33,390;340,440;558,450;
60,90;316,94;593,80;49,256;325,285;564,277;33,389;342,440;560,451;
62,87;316,87;595,75;47,253;323,286;568,272;32,389;344,439;562,449;
58,86;316,89;594,77;47,254;325,286;566,276;33,388;342,438;562,449;
155,119;335,125;527,112;148,236;343,257;504,250;136,328;354,363;506,371;
157,124;336,129;533,119;152,240;344,263;511,254;135,337;356,369;508,380;
51,82;214,82;413,66;42,188;220,209;383,203;28,281;232,316;387,327;
273,77;453,83;628,78;264,195;459,216;612,208;248,290;470,322;613,327;
276,80;453,90;632,83;267,200;461,222;615,217;252,296;471,325;614,333;
260,164;449,173;631,162;254,288;453,307;605,300;237,383;462,411;602,418;
260,158;446,169;625,159;254,279;448,299;601,291;238,377;458,401;601,409;
40,194;209,202;405,190;36,309;214,333;379,328;29,395;228,432;378,447;
38,194;208,203;406,188;36,309;214,334;378,326;27,395;228,434;380,447;
308,71;443,77;575,71;305,156;445,172;560,172;293,225;454,246;561,257;
305,76;438,82;579,80;300,162;446,179;562,177;291,236;454,257;566,269;
306,82;444,92;578,84;302,171;449,186;565,184;291,240;456,266;565,274;
307,83;442,88;578,85;302,169;446,186;560,182;290,241;454,262;562,272;
27,70;147,67;291,52;22,148;152,162;270,154;10,215;155,237;271,248;
29,65;148,67;288,51;21,146;152,162;270,154;11,216;158,236;272,247;
40,236;161,241;310,232;35,321;168,339;292,334;29,387;179,414;294,426;
38,237;164,243;309,232;35,319;168,337;293,336;31,387;180,415;296,425;
350,241;485,247;616,236;346,328;487,341;595,332;335,395;489,415;594,417;
355,242;488,249;619,235;351,330;491,342;602,332;337,397;497,418;596,418;
409,300;511,300;610,289;402,363;510,374;596,362;395,418;512,428;593,430;
411,297;510,300;612,288;405,363;509,369;595,363;395,416;515,430;592,429;
407,56;505,63;608,62;402,123;512,140;595,137;395,175;515,193;596,203;
405,60;505,65;604,66;404,128;510,140;595,140;393,179;516,201;598,209;
29,77;123,74;231,65;23,139;122,148;218,145;18,192;133,207;217,213;
36,271;133,276;242,269;34,333;133,352;231,347;27,382;146,409;230,419;
39,265;132,270;246,261;34,330;137,343;228,341;28,378;144,403;231,415;
34,285;115,289;208,283;38,340;123,354;200,349;33,382;128,403;201,409;
34,279;115,285;206,277;34,335;119,348;196,345;33,380;126,398;201,405;
32,78;107,77;197,63;23,132;110,139;187,133;17,174;113,185;184,190;
32,75;109,72;197,59;25,125;108,131;183,126;19,171;113,181;184,184;
450,73;532,80;609,77;448,126;533,140;605,137;443,174;541,190;609,197;
449,70;531,77;612,75;449,125;538,137;610,134;441,172;542,185;610,194;
445,338;528,341;615,329;442,392;529,398;604,394;433,440;536,445;599,443;
445,331;526,334;616,321;439,386;530,389;603,385;435,428;533,438;601,440;
473,342;544,345;616,337;472,391;543,394;609,389;461,432;547,434;600,437;
475,346;541,340;617,335;472,390;546,396;611,392;464,429;604,435;
462,57;535,65;604,63;458,105;538,116;594,115;458,143;602,163;
466,57;537,60;604,62;466,106;543,116;598,116;460,142;602,164;
33,60;99,61;179,51;28,104;102,111;171,106;26,145;165,160;
28,308;99,310;175,302;26,349;104,362;165,362;24,391;172,412;
35,302;106,307;180,299;29,351;105,358;172,359;29,388;175,407;
28,67;286,74;578,66;15,236;290,277;543,273;3,370;530,450;
27,70;285,75;580,69;18,235;296,271;542,269;4,369;308,430;533,447;
113,117;298,119;503,116;101,230;305,260;91,330;312,367;474,382;
118,109;299,114;500,108;108,229;301,254;98,320;312,360;471,374;
55,102;231,105;437,97;45,215;234,243;406,239;35,311;242,349;405,369;
225,96;406,105;594,101;210,216;410,242;571,239;195,312;418,346;564,361;
216,96;404,107;594,101;207,215;409,242;568,237;191,312;414,346;563,361;
215,183;400,195;595,184;207,305;404,332;565,323;192,401;414,434;559,440;
210,196;395,184;587,151;216,315;414,319;576,291;211,410;434,416;581,407;
45,196;218,178;423,146;52,310;239,315;407,294;57,400;260,419;424,416;
43,199;214,182;415,149;49,311;236,315;409,295;49,403;259,417;416,416;
189,164;328,168;479,153;187,255;334,268;461,258;176,323;344,348;460,354;
184,168;322,166;474,155;183,255;333,272;462,262;174,328;341,348;462,354;
121,123;256,120;410,105;121,211;264,223;395,209;113,285;280,301;399,310;
125,124;258,117;411,101;126,210;268,220;398,209;117,283;281,301;404,305;
319,116;459,119;598,105;320,208;467,216;583,210;312,284;478,296;586,298;
327,238;470,235;603,215;325,324;475,334;589,319;318,397;485,410;591,410;
333,235;470,233;608,215;329,326;479,334;592,319;324,398;487,410;595,408;
44,258;167,262;314,242;47,344;181,356;303,347;43,406;196,430;309,434;
45,264;173,264;316,245;45,344;180,356;303,346;48,409;196,434;310,438;
254,158;344,157;439,147;255,215;353,223;430,212;248,266;357,273;435,276;
253,155;345,151;439,138;256,213;352,218;430,210;253,262;360,269;438,273;
88,70;173,68;267,57;85,126;177,131;258,122;77,172;182,181;263,186;
90,68;171,64;272,52;88,124;176,129;257,122;81,172;181,181;261,186;
432,73;518,69;603,63;434,129;529,135;602,129;431,176;605,190;
451,294;536,291;623,280;449,353;540,357;611,347;443,400;612,399;
60,290;144,291;232,280;61,345;149,353;226,346;64,390;234,406;
61,292;142,292;234,281;65,346;152,353;227,349;60,389;158,401;232,406;
256,212;335,212;415,202;256,262;341,267;407,263;251,302;407,315;
58,92;122,95;207,91;52,142;123,150;193,148;44,177;189,202;
434,74;503,81;579,84;426,122;506,134;570,135;419,157;568,186;
432,72;505,79;579,78;429,119;506,132;565,133;421,155;566,182;
437,334;508,337;582,327;428,379;505,387;570,384;427,415;511,429;567,434;
69,308;138,315;216,312;68,352;141,365;205,369;65,392;206,414;
